1733849557784 0.7980558276176453 0
1733849557897 0.09489411115646362 1
1733849557997 0.036978255957365036 2
1733849558099 0.024000313133001328 3
1733849558196 0.016053110361099243 4
1733849558296 0.010969752445816994 5
1733849558380 0.007573829498142004 6
1733849558480 0.00718270055949688 7
1733849558580 0.003234568750485778 8
1733849558687 0.002214284846559167 9
1733849558771 0.0013958974741399288 10
1733849558880 0.0008864590199664235 11
1733849558981 0.0006973290583118796 12
1733849559079 0.0005683038616552949 13
1733849559181 0.0004858299798797816 14
